0.50
0.61
0.73
0.84
0.95
1.06
1.18
1.29
1.40
1.51
1.63
1.74
1.85
1.85
1.96
1.92
1.90
2.68
3.53
4.36
4.33
4.28
4.24
4.19
5.96
7.76
9.90
11.92
14.18
16.61
19.62
22.55
25.57
29.22
33.19
36.79
40.05
45.14
45.14
45.14
45.14
52.15
57.37
66.82
65.97
75.51
91.86
111.71
143.66
185.94
238.48
278.21
308.49
350.31
400.70
465.46
536.10
615.31
682.30
720.52
770.75
861.45
958.87
1038.89
1118.21
1254.06
1268.46
1262.42
1252.09
1252.09
1242.55
1226.19
1206.34
1174.39
1130.32
1275.17
1279.22
1537.64
1493.56
1440.74
1372.96
1299.40
1217.17
1146.53
1104.14
1049.87
955.46
1104.86
1086.18
1006.86
871.01
929.08
1013.92
1191.89
1380.07
1560.22
1789.96
1953.63
2182.80
2385.68
2361.90
2458.52
2326.17
2527.17
2711.93
2909.93
3214.10
3440.53
3668.51
3894.16
4188.29
4549.84
4543.92
4730.63
5012.23
5335.78
5520.49
5748.15
5922.57
6152.03
6343.58
6775.01
7337.94
7736.11
8550.14
9380.98
10499.60
11456.08
12113.74
12875.89
13330.92
13677.96
13997.14
14306.26
14904.27
15140.02
15325.11
15731.46
16046.59
16534.20
17155.09
17736.84
18129.92
18724.22
19300.01
20044.06
20474.01
20949.85
21460.17
21744.90
21983.82
22160.07
22379.82
23125.81
23572.53
24212.06
25090.41
26329.45
27246.69
27844.84
28301.48
29503.31
30935.60
32324.62
33255.58
34476.95
35286.85
37856.52
39025.31
40366.85
41968.57
43166.05
44567.53
45992.96
47769.72
49748.55
52796.87
54629.91
56180.60
57715.67
59374.07
60696.02
61832.09
63912.43
72520.04
84746.02
85771.40
93720.25
97827.76
109242.56
113432.96
120853.13
128704.55
130705.63
147270.70
161444.32
172961.83
187388.65
198496.28
219355.63
230249.29
230128.10
231881.44
237679.83
239488.99
242427.58
243460.02
244992.43
247768.94
244936.36
238739.17
243059.83
241217.25
242744.83
236402.41
237898.69
250651.67
250170.70
253716.28
251087.75
245699.90
244411.20
241921.34
244766.56
237796.73
239191.26
244966.33
254679.49
256784.50
262879.76
269421.00
283116.19
292259.43
295816.52
300504.88
309988.10
315788.65
321435.32
333082.83
337699.17
345827.54
343148.62
351560.44
356213.97
357805.15
359463.15
372222.96
370001.77
353485.84
361139.21
375398.28
389657.35
403916.43
418175.50
432434.57
446693.65
460952.72
475211.79
489470.87
503729.94
517989.01
532248.09
546507.16
560766.23
575025.31
589284.38
603543.45
617802.53
632061.60
646320.67
660579.75
674838.82
689097.89
703356.97
717616.04
731875.11
746134.19
760393.26
774652.33
788911.41
803170.48
817429.55
831688.63
845947.70
860206.77
874465.85
888724.92
902983.99
917243.07
931502.14
945761.21
960020.29
974279.36
988538.43
1002797.51
1017056.58
1031315.65
1045574.73
1059833.80
1074092.87
1088351.95
1102611.02
1116870.09
1131129.17
1145388.24
1159647.31
1173906.39
1188165.46
1202424.53
1216683.61
1230942.68
1245201.75
1259460.83
1273719.90
1287978.97
1302238.05
1316497.12
1330756.19
1345015.27
1359274.34
1373533.41
1387792.49
1402051.56
1416310.63
1430569.71
1444828.78
1459087.85
1473346.93
1487606.00
1501865.07
1516124.15
1530383.22
1544642.29
1558901.37
1573160.44
1587419.51
1601678.59
1615937.66
1630196.73
1644455.81
1658714.88
1672973.95
1687233.03
1701492.10
1715751.17
1730010.25
1744269.32
1758528.39
1772787.47
1787046.54
1801305.61
1815564.69
1829823.76
1844082.83
1858341.91
1872600.98
1886860.05
1901119.13
1915378.20
1929637.27
1943896.35
1958155.42
1972414.49
1986673.57
2000932.64
2015191.71
2029450.79
2043709.86
2057968.93
2072228.01
2086487.08
2100746.15
2115005.23
2129264.30
2143523.37
2157782.45
2172041.52
2186300.59
2200559.67
2214818.74
2229077.81
2243336.89
2257595.96
2271855.03
2286114.11
2300373.18
2314632.25
2328891.33
2343150.40
2357409.47
2371668.55
2385927.62
2400186.69
2414445.77
2428704.84
2442963.91
2457222.99
2471482.06
2485741.13
2500000.00